[app/install/state]
version = 4.3
modtime = 1331844441.589340000

[inputs/script%3A%2F%2F%24SPLUNK_HOME%2Fetc%2Fapps%2FSA-Eventgen%2Fbin%2Feventgen.py]
version = 4.3
modtime = 1332207739.933175000

[app/install/is_configured]
version = 4.3
modtime = 1332207740.065041000
